house1,0,0,0,9,9,5,1
house2,20,0,0,9,9,5,2
house3,40,0,0,9,9,5,3
house4,0,0,20,9,9,5,4
house5,20,0,20,9,9,5,5
house6,40,0,20,9,9,5,6
house7,0,0,40,9,9,5,7
house8,20,0,40,9,9,5,8
house9,40,0,40,9,9,5,9
house10,0,20,0,9,9,5,10
house11,20,20,0,9,9,5,11
house12,40,20,0,9,9,5,12
house13,0,20,20,9,9,5,13
house14,20,20,20,9,9,5,14
house15,40,20,20,9,9,5,15
house16,0,20,40,9,9,5,16
house17,20,20,40,9,9,5,17
house18,40,20,40,9,9,5,18
house19,0,40,0,9,9,5,19
house20,20,40,0,9,9,5,20
house21,40,40,0,9,9,5,21
house22,0,40,20,9,9,5,22
house23,20,40,20,9,9,5,23
house24,40,40,20,9,9,5,24
house25,0,40,40,9,9,5,25
house26,20,40,40,9,9,5,26
house27,40,40,40,9,9,5,27
